1.000000000000000000e+00 8.335751455146680478e-01 6.750303972282818421e-01 7.538455764210306720e-01 9.897393927968876071e-01 7.889966521922150422e-01 6.447802415784039676e-01 7.345146276979876987e-01 9.754771728361870675e-01 8.367823524587575390e-01 6.957417472573315109e-01 7.517974660105634088e-01 9.743635444690568193e-01 8.447284368679136568e-01 6.755768134871195096e-01 6.947895926834717351e-01
8.335751455146680478e-01 1.000000000000000000e+00 9.537356805081705913e-01 9.822607573693051819e-01 8.990664568411278479e-01 9.963321172783993207e-01 9.401738682864129171e-01 9.780528713850119571e-01 8.401809441001967249e-01 9.731202139764514314e-01 9.382013762131029555e-01 9.538677363533381026e-01 8.482747591087468342e-01 9.722712543741610647e-01 9.308815370592238292e-01 9.382013762131029555e-01
6.750303972282818421e-01 9.537356805081705913e-01 1.000000000000000000e+00 9.908778955536861055e-01 7.579655439155525976e-01 9.737248366308162151e-01 9.973169516357426323e-01 9.934645916126984000e-01 7.000121851706474496e-01 9.270819077363238181e-01 9.682749063634410458e-01 9.562134908441914938e-01 7.103329228907575565e-01 9.217306349778676688e-01 9.686781350393781631e-01 9.669065266773748668e-01
7.538455764210306720e-01 9.822607573693051819e-01 9.908778955536861055e-01 1.000000000000000000e+00 8.302106905434176731e-01 9.912766402080913641e-01 9.814934233662989671e-01 9.980109680874710287e-01 7.749448639333827993e-01 9.601803683252251309e-01 9.690790719266503261e-01 9.703034627779013599e-01 7.844669069568378506e-01 9.568714420686208477e-01 9.650549233216795253e-01 9.677095557825249328e-01
9.897393927968876071e-01 8.990664568411278479e-01 7.579655439155525976e-01 8.302106905434176731e-01 1.000000000000000000e+00 8.615049892175038471e-01 7.292453695730358731e-01 8.128670069313512769e-01 9.722190621151608481e-01 8.949947331727632349e-01 7.711094172941249658e-01 8.211703322031344010e-01 9.736111002306041540e-01 9.012623538477981811e-01 7.523915112394023996e-01 7.700541185981401027e-01
7.889966521922150422e-01 9.963321172783993207e-01 9.737248366308162151e-01 9.912766402080913641e-01 8.615049892175038471e-01 1.000000000000000000e+00 9.640383660596926196e-01 9.899082250788793225e-01 7.995214967637850334e-01 9.659331073892264419e-01 9.516438633152108917e-01 9.591190537662726001e-01 8.084638998853874714e-01 9.636634139247156616e-01 9.469596614444213412e-01 9.516438633152108917e-01
6.447802415784039676e-01 9.401738682864129171e-01 9.973169516357426323e-01 9.814934233662989671e-01 7.292453695730358731e-01 9.640383660596926196e-01 1.000000000000000000e+00 9.885350968342423439e-01 6.708726054506440883e-01 9.120642016952915654e-01 9.648901935453968459e-01 9.479843755575656505e-01 6.813785425883497338e-01 9.060104007296813089e-01 9.669400298599539756e-01 9.635265971829848342e-01
7.345146276979876987e-01 9.780528713850119571e-01 9.934645916126984000e-01 9.980109680874710287e-01 8.128670069313512769e-01 9.899082250788793225e-01 9.885350968342423439e-01 1.000000000000000000e+00 7.567078958926315435e-01 9.546933366784762232e-01 9.718909398986355086e-01 9.697563198452241462e-01 7.664718317028371697e-01 9.508457086800498059e-01 9.689672057976295161e-01 9.705174499832314172e-01
9.754771728361870675e-01 8.401809441001967249e-01 7.000121851706474496e-01 7.749448639333827993e-01 9.722190621151608481e-01 7.995214967637850334e-01 6.708726054506440883e-01 7.567078958926315435e-01 1.000000000000000000e+00 8.834052916669963285e-01 7.543274018149729310e-01 8.096248502269300928e-01 9.998393894765547074e-01 8.908086974892877041e-01 7.341277304603928133e-01 7.532950700788693110e-01
8.367823524587575390e-01 9.731202139764514314e-01 9.270819077363238181e-01 9.601803683252251309e-01 8.949947331727632349e-01 9.659331073892264419e-01 9.120642016952915654e-01 9.546933366784762232e-01 8.834052916669963285e-01 1.000000000000000000e+00 9.646368102116213983e-01 9.847162686586284908e-01 8.910881160039760829e-01 9.998510333822399065e-01 9.558599095479364260e-01 9.646368102116213983e-01
6.957417472573315109e-01 9.382013762131029555e-01 9.682749063634410458e-01 9.690790719266503261e-01 7.711094172941249658e-01 9.516438633152108917e-01 9.648901935453968459e-01 9.718909398986355086e-01 7.543274018149729310e-01 9.646368102116213983e-01 1.000000000000000000e+00 9.948196041353337682e-01 7.642952132592156778e-01 9.602998023391355886e-01 9.980160318364452721e-01 9.985867859663890567e-01
7.517974660105634088e-01 9.538677363533381026e-01 9.562134908441914938e-01 9.703034627779013599e-01 8.211703322031344010e-01 9.591190537662726001e-01 9.479843755575656505e-01 9.697563198452241462e-01 8.096248502269300928e-01 9.847162686586284908e-01 9.948196041353337682e-01 1.000000000000000000e+00 8.188284965250314240e-01 9.820150130969486080e-01 9.894300702574816420e-01 9.934137111098583217e-01
9.743635444690568193e-01 8.482747591087468342e-01 7.103329228907575565e-01 7.844669069568378506e-01 9.736111002306041540e-01 8.084638998853874714e-01 6.813785425883497338e-01 7.664718317028371697e-01 9.998393894765547074e-01 8.910881160039760829e-01 7.642952132592156778e-01 8.188284965250314240e-01 1.000000000000000000e+00 8.982782330718370734e-01 7.442787669014105933e-01 7.632492401147944472e-01
8.447284368679136568e-01 9.722712543741610647e-01 9.217306349778676688e-01 9.568714420686208477e-01 9.012623538477981811e-01 9.636634139247156616e-01 9.060104007296813089e-01 9.508457086800498059e-01 8.908086974892877041e-01 9.998510333822399065e-01 9.602998023391355886e-01 9.820150130969486080e-01 8.982782330718370734e-01 1.000000000000000000e+00 9.510071673627111810e-01 9.602998023391355886e-01
6.755768134871195096e-01 9.308815370592238292e-01 9.686781350393781631e-01 9.650549233216795253e-01 7.523915112394023996e-01 9.469596614444213412e-01 9.669400298599539756e-01 9.689672057976295161e-01 7.341277304603928133e-01 9.558599095479364260e-01 9.980160318364452721e-01 9.894300702574816420e-01 7.442787669014105933e-01 9.510071673627111810e-01 1.000000000000000000e+00 9.994284381308017329e-01
6.947895926834717351e-01 9.382013762131029555e-01 9.669065266773748668e-01 9.677095557825249328e-01 7.700541185981401027e-01 9.516438633152108917e-01 9.635265971829848342e-01 9.705174499832314172e-01 7.532950700788693110e-01 9.646368102116213983e-01 9.985867859663890567e-01 9.934137111098583217e-01 7.632492401147944472e-01 9.602998023391355886e-01 9.994284381308017329e-01 1.000000000000000000e+00
